# Created by Octave 4.4.1, Thu Feb 14 09:44:05 2019 +04 <pavel@MacBook-Pro-Pavel.local>
# name: N
# type: matrix
# rows: 36
# columns: 1
 35
 120
 144
 168
 48
 120
 72
 144
 96
 72
 72
 136
 120
 96
 192
 72
 72
 96
 72
 96
 72
 164
 72
 72
 168
 72
 96
 96
 48
 120
 72
 96
 72
 120
 72
 72


